also : 0.1834862385321101
examined : 0.17584994138335286
used : 0.1756440281030445
tried : 0.17523364485981308
using : 0.17411491584445735
would : 0.17391304347826086
several-different-methods, : 0.16620498614958448
future-values. : 0.16602102933038185
fit : 0.16574585635359115
line : 0.16420361247947454
eventually : 0.1638448935008192
predict : 0.16181229773462782
error. : 0.16068559185859668
itself, : 0.15864621893178213
last : 0.15847860538827258
first : 0.15806111696522657
fitting : 0.15731515469323545
benefit. : 0.15706806282722513
use : 0.15657620041753653
blending : 0.1564945226917058
kept : 0.15625
time-series. : 0.15616866215512754
though : 0.15552099533437014
implement : 0.15535991714137753
lowered : 0.15527950310559005
predictors. : 0.1545595054095827
solution, : 0.15440041173443128
leaderboard-mase : 0.15424164524421594
data : 0.15416238437821173
best-fit-line : 0.15384615384615385
much-manual-tweaking : 0.15306122448979592
first-order-polynomial : 0.1525165226232842
weighted-combination : 0.1519756838905775
combination : 0.1518987341772152
constant-weight-factor : 0.15082956259426847
algorithms, : 0.15067805123053743
#2: : 0.15045135406218657
r**2-value : 0.15015015015015015
numeric-optimization-functions : 0.15015015015015015
training) : 0.15
increase : 0.14992503748125938
obtained : 0.1497005988023952
exponentially-weighted-least-squares : 0.1497005988023952
mase : 0.14962593516209477
naive-predictor, : 0.14947683109118087
found : 0.14720314033366044
regression : 0.14641288433382138
